451.6
557.0
566.8
573.4
579.9
586.8
593.8
599.0
604.3
609.0
613.7
620.1
626.6
640.6
645.8
651.0
659.6
665.2
670.7
684.4
690.8
697.3
706.9
711.5
716.2
728.5
735.2
741.8
752.0
756.9
761.7
773.5
779.5
785.6
796.5
801.7
806.9
818.6
824.4
830.3
840.8
846.1
851.4
862.9
868.7
874.4
885.2
890.9
896.7
908.6
914.6
920.5
932.6
938.7
944.7
956.5
962.5
968.6
980.9
986.8
992.8
1004.9
1011.1
1017.2
1027.6
1032.7
1037.9
1049.6
1055.5
1061.3
1073.5
1079.5
1085.6
1097.3
1102.7
1108.0
1119.7
1126.1
1132.4
1144.4
1150.0
1155.7
1167.6
1173.8
1180.1
1193.0
1199.0
1205.1
1217.2
1223.5
1229.7
1241.4
1247.1
1252.8
1265.6
1272.3
1278.9
1291.4
1297.8
1304.1
1316.4
1322.8
1329.1
1342.4
1348.7
1355.1
1367.6
1374.2
1380.9
1394.9
1401.9
1408.8
1422.1
1428.6
1435.2
1449.0
1456.0
1462.9
1475.8
1482.6
1489.5
1504.1
1511.4
1518.8
1533.0
1536.9
1540.8
1551.6
1560.0
1568.4
1580.7
1585.8
1590.8
1605.5
1611.6
1617.8
1627.8
1634.7
1641.6
1654.1
1659.5
1664.9
1677.9
1684.2
1690.4
1701.2
1707.5
1713.9
1726.8
1732.8
1738.9
1751.8
1758.1
1764.5
1777.0
1783.2
1789.5
1801.2
1807.0
1812.9
1825.6
1832.0
1838.5
1850.4
1856.9
1863.5
1876.4
1882.2
1888.1
1901.6
1908.0
1914.5
1926.4
1932.8
1939.3
1952.6
1959.2
1965.8
1979.5
1986.0
1992.4
2005.7
2012.2
2018.8
2030.9
2037.6
2044.4
2057.6
2064.3
2070.9
2084.4
2091.0
2097.7
2110.8
2117.3
2123.8
2136.5
2143.0
2149.4
2162.3
2168.7
2175.0
2188.9
2194.8
2200.8
2214.3
2220.6
2227.0
2239.5
2246.1
2252.8
2265.2
2272.0
2278.7
2292.6
2299.1
2305.7
2319.5
2326.2
2332.8
2346.7
2353.3
2360.0
2373.3
2380.2
2387.1
2400.2
2407.0
2413.9
2426.4
2433.5
2440.6
2454.1
2460.9
2467.6
2480.9
2487.9
2494.9
2508.6
2515.9
2523.3
2537.1
2544.4
2551.6
2566.0
2573.3
2580.5
2594.5
2601.7
2608.8
2623.1
2630.3
2637.5
2652.4
2659.5
2666.6
2682.0
2689.7
2697.3
2712.1
2719.5
2727.0
2742.0
2749.5
2757.0
2772.5
2779.7
2786.9
2788.1
2788.1
2788.1
2788.1