474.2
571.1
575.9
580.7
590.6
597.1
603.5
610.2
616.8
628.1
633.1
638.1
648.6
654.6
660.6
672.3
678.3
684.4
695.5
700.6
705.7
716.8
723.0
729.1
740.1
745.2
750.4
761.9
767.8
773.6
784.4
790.0
795.5
807.2
813.1
819.0
829.9
835.2
840.4
850.8
856.7
862.5
874.4
879.9
885.4
896.5
902.8
909.2
921.5
927.1
932.6
944.9
951.2
957.4
968.8
974.8
980.9
993.6
999.7
1005.9
1015.8
1020.9
1026.0
1038.1
1044.2
1050.2
1061.7
1067.6
1073.5
1085.8
1091.2
1096.7
1108.0
1114.3
1120.5
1132.6
1138.2
1143.8
1155.7
1161.9
1168.2
1181.1
1187.2
1193.4
1205.3
1211.4
1217.6
1229.9
1235.7
1241.4
1253.1
1259.9
1266.6
1279.9
1286.1
1292.4
1304.5
1310.9
1317.2
1330.1
1336.4
1342.8
1355.7
1362.2
1368.8
1382.2
1389.1
1395.9
1409.8
1416.3
1422.9
1436.3
1443.2
1450.0
1463.1
1469.8
1476.6
1490.8
1498.2
1505.5
1517.6
1522.1
1526.6
1541.0
1548.5
1555.9
1566.6
1572.7
1578.7
1593.4
1599.0
1604.7
1615.2
1622.4
1629.5
1641.6
1646.8
1652.0
1665.2
1671.4
1677.6
1688.1
1694.4
1700.8
1713.1
1719.1
1725.0
1737.9
1743.7
1749.4
1762.3
1769.0
1775.6
1786.7
1792.5
1798.3
1811.7
1817.9
1824.0
1836.3
1842.9
1849.4
1862.3
1868.3
1874.2
1887.1
1893.7
1900.2
1912.5
1918.8
1925.0
1937.7
1944.4
1951.2
1964.3
1970.8
1977.4
1990.4
1997.0
2003.5
2016.0
2022.5
2028.9
2042.4
2048.8
2055.3
2069.2
2075.3
2081.5
2094.5
2101.4
2108.2
2120.5
2126.9
2133.2
2146.7
2152.8
2159.0
2172.5
2178.7
2185.0
2196.5
2203.6
2210.8
2222.5
2229.0
2235.6
2248.8
2255.0
2261.1
2275.2
2281.9
2288.7
2301.8
2308.5
2315.2
2328.7
2335.6
2342.4
2355.7
2362.3
2369.0
2382.4
2389.3
2396.1
2409.6
2416.3
2423.1
2436.9
2443.6
2450.2
2463.5
2470.2
2477.0
2491.2
2498.1
2504.9
2519.7
2526.6
2533.4
2548.3
2555.5
2562.7
2576.8
2583.9
2591.0
2605.5
2612.4
2619.4
2634.6
2641.7
2648.8
2664.1
2671.6
2679.1
2694.4
2701.7
2709.0
2723.6
2731.1
2738.5
2753.9
2760.9
2767.8
2781.9
2788.8
2795.7
2810.2
2817.1
2824.0
2834.4
2834.4