473.1
562.9
571.5
576.0
580.5
594.2
601.1
608.0
619.5
624.4
629.3
639.5
645.5
651.6
663.9
669.4
674.8
686.1
692.0
697.9
708.8
714.2
719.5
731.3
737.0
742.8
753.7
759.1
764.5
776.0
781.6
787.1
798.6
804.3
810.0
821.3
826.9
832.4
843.0
848.4
853.7
865.2
871.2
877.2
888.3
894.1
899.8
912.7
918.7
924.6
936.1
942.2
948.3
960.8
966.6
972.5
984.6
990.8
997.1
1008.6
1013.4
1018.2
1029.5
1035.7
1041.8
1053.3
1059.3
1065.2
1077.8
1083.2
1088.7
1099.6
1105.9
1112.1
1124.4
1130.0
1135.6
1147.5
1153.7
1160.0
1172.3
1178.7
1185.2
1197.1
1202.9
1208.8
1221.3
1227.3
1233.2
1244.9
1251.2
1257.4
1270.9
1277.4
1283.8
1296.1
1302.3
1308.4
1321.5
1328.0
1334.6
1347.1
1353.4
1359.8
1373.6
1380.4
1387.1
1400.8
1407.5
1414.3
1427.8
1434.6
1441.4
1454.9
1461.4
1468.0
1482.0
1489.4
1496.7
1510.2
1514.7
1519.2
1532.6
1540.2
1547.9
1559.4
1565.3
1571.3
1585.4
1591.6
1597.9
1607.8
1614.7
1621.5
1634.6
1639.8
1644.9
1657.6
1664.1
1670.5
1681.3
1687.4
1693.6
1706.5
1712.4
1718.4
1731.1
1737.1
1743.2
1755.1
1761.7
1768.4
1780.5
1786.1
1791.8
1804.7
1811.1
1817.6
1829.9
1836.2
1842.6
1855.7
1862.0
1868.4
1880.3
1887.1
1894.0
1906.5
1912.5
1918.6
1931.5
1938.2
1944.9
1957.6
1964.2
1970.7
1983.8
1990.3
1996.9
2009.6
2016.0
2022.5
2036.0
2042.5
2049.0
2062.9
2069.7
2076.6
2090.2
2096.8
2103.3
2116.0
2122.4
2128.7
2142.0
2148.5
2154.9
2168.0
2174.4
2180.9
2193.2
2199.7
2206.3
2219.0
2225.2
2231.5
2244.9
2251.1
2257.2
2271.3
2278.0
2284.8
2298.1
2304.9
2311.7
2325.4
2332.2
2339.1
2352.4
2359.1
2365.8
2379.3
2386.1
2393.0
2406.3
2413.1
2419.9
2433.8
2440.3
2446.9
2460.4
2467.1
2473.8
2487.9
2494.7
2501.6
2516.6
2523.5
2530.3
2545.1
2552.4
2559.6
2573.5
2580.6
2587.7
2602.0
2608.9
2615.8
2630.9
2638.3
2645.7
2660.4
2668.1
2675.8
2690.8
2698.2
2705.5
2719.9
2727.3
2734.6
2750.2
2758.0
2765.8
2778.3
2785.3
2792.2
2806.3
2813.4
2820.5
2834.2
2834.2
2834.2