2830.1
2719.9
2708.0
2693.4
2686.0
2678.5
2671.0
2663.5
2648.3
2641.0
2633.8
2619.0
2611.7
2604.5
2590.4
2583.2
2576.0
2562.1
2555.0
2547.9
2533.4
2526.2
2519.0
2504.9
2497.7
2490.4
2477.0
2469.9
2462.9
2449.8
2443.1
2436.3
2422.9
2415.9
2409.0
2395.7
2389.1
2382.4
2368.6
2362.0
2355.5
2341.8
2335.2
2328.5
2314.9
2308.1
2301.4
2287.9
2281.3
2274.6
2261.1
2254.4
2247.7
2235.4
2229.0
2222.7
2210.4
2203.8
2197.3
2185.0
2178.1
2171.3
2158.6
2152.1
2145.5
2132.2
2126.1
2119.9
2106.5
2100.5
2094.5
2080.7
2074.0
2067.4
2055.1
2048.4
2041.6
2027.8
2021.5
2015.2
2002.2
1995.7
1989.3
1976.6
1969.9
1963.3
1950.0
1943.2
1936.3
1923.5
1917.3
1911.1
1898.8
1892.3
1885.8
1873.5
1867.4
1861.3
1848.6
1842.0
1835.4
1822.9
1816.6
1810.4
1797.3
1791.4
1785.6
1773.8
1767.9
1761.9
1749.8
1743.5
1737.1
1725.2
1719.3
1713.3
1699.8
1693.7
1687.5
1676.2
1670.0
1663.9
1651.6
1645.8
1640.1
1627.6
1621.6
1615.6
1604.1
1597.7
1591.2
1579.3
1573.3
1567.2
1554.1
1547.9
1541.6
1528.9
1522.6
1516.2
1503.5
1497.1
1490.6
1478.1
1471.4
1464.7
1450.2
1443.8
1437.3
1424.4
1417.4
1410.4
1397.3
1390.8
1384.4
1370.3
1364.1
1357.8
1345.7
1339.3
1332.8
1319.9
1313.6
1307.2
1294.7
1288.6
1282.4
1269.7
1263.4
1257.0
1244.5
1238.8
1233.0
1221.1
1215.1
1209.0
1197.1
1190.8
1184.6
1172.5
1166.3
1160.2
1147.9
1142.2
1136.5
1124.8
1118.6
1112.3
1100.4
1094.5
1088.7
1077.2
1071.6
1066.0
1053.9
1047.8
1041.6
1030.7
1025.5
1020.3
1009.2
1003.3
997.5
986.0
980.1
974.2
961.9
956.0
950.0
938.7
932.7
926.8
914.1
908.3
902.6
891.0
884.9
878.7
867.4
862.1
856.9
845.9
840.3
834.8
823.6
818.2
812.7
801.6
796.0
790.4
778.9
773.4
767.8
757.0
751.7
746.3
735.0
729.3
723.6
712.5
706.9
701.4
689.9
684.2
678.5
667.2
661.1
655.1
644.0
638.7
633.4
622.7
617.0
611.3
599.2
592.8
586.3
574.2
568.8
563.3
552.4
546.3
540.2
528.5
522.6
516.6
503.9
498.0
492.0
481.3
479.9
478.5