475.8
566.2
575.0
583.2
590.0
596.7
604.2
611.7
622.7
626.8
630.9
641.8
648.6
655.5
666.8
672.1
677.4
688.9
694.7
700.6
711.5
717.0
722.5
734.0
739.6
745.1
756.3
761.9
767.6
778.5
784.2
789.9
801.6
807.2
812.9
824.0
829.6
835.2
845.7
851.2
856.7
868.4
874.0
879.7
890.8
897.2
903.5
915.8
921.4
927.0
939.3
945.5
951.8
963.3
969.4
975.4
987.9
994.0
1000.0
1010.8
1015.8
1020.9
1032.4
1038.5
1044.5
1056.5
1062.5
1068.6
1080.3
1085.7
1091.0
1102.9
1109.2
1115.4
1127.2
1132.8
1138.5
1150.8
1157.0
1163.3
1176.0
1182.2
1188.5
1200.4
1206.6
1212.7
1224.8
1230.7
1236.5
1248.3
1254.7
1261.1
1274.8
1281.1
1287.3
1299.2
1305.7
1312.1
1325.4
1331.7
1337.9
1350.4
1357.1
1363.9
1377.4
1384.1
1390.8
1404.7
1411.2
1417.8
1431.3
1438.2
1445.1
1458.2
1465.0
1471.7
1485.8
1493.0
1500.2
1513.1
1517.0
1520.9
1535.2
1543.0
1550.8
1561.1
1567.1
1573.1
1588.3
1593.7
1599.0
1609.6
1616.9
1624.2
1636.1
1641.4
1646.7
1660.0
1666.0
1672.1
1682.8
1689.5
1696.1
1708.0
1714.0
1719.9
1733.0
1738.6
1744.2
1756.9
1763.5
1770.1
1780.9
1786.9
1793.0
1806.1
1812.2
1818.4
1831.1
1837.6
1844.2
1856.7
1862.7
1868.8
1881.7
1888.1
1894.5
1907.0
1913.4
1919.7
1932.2
1939.1
1945.9
1959.4
1965.9
1972.5
1985.4
1991.9
1998.5
2011.0
2017.5
2024.0
2036.5
2043.1
2049.6
2063.9
2069.5
2075.2
2089.5
2095.9
2102.4
2114.7
2121.4
2128.1
2140.8
2147.3
2153.7
2167.4
2173.6
2179.7
2192.4
2198.8
2205.3
2218.4
2224.3
2230.3
2244.2
2250.3
2256.5
2270.5
2277.2
2283.8
2297.1
2303.9
2310.8
2324.4
2331.2
2337.9
2351.8
2358.4
2365.1
2378.5
2385.4
2392.2
2405.5
2412.4
2419.4
2433.2
2439.8
2446.3
2459.8
2466.7
2473.6
2487.3
2494.5
2501.8
2516.2
2523.3
2530.3
2544.9
2552.0
2559.0
2573.1
2580.3
2587.5
2601.6
2608.8
2616.0
2631.1
2638.3
2645.5
2660.8
2668.4
2676.0
2690.8
2698.2
2705.5
2720.1
2727.7
2735.2
2750.8
2757.5
2764.3
2778.7
2785.7
2792.6
2807.0
2814.0
2820.9
2832.4
2832.4
2832.4