475.4
571.3
577.9
583.2
588.5
596.3
604.1
617.0
621.7
626.4
635.8
641.7
647.7
660.6
666.2
671.9
682.4
688.0
693.6
705.5
711.0
716.4
726.8
732.4
738.1
750.0
755.3
760.6
771.1
777.0
782.8
794.7
800.2
805.7
816.6
822.4
828.1
839.1
844.4
849.6
861.0
866.7
872.5
883.4
889.5
895.5
908.0
913.7
919.4
931.3
937.5
943.8
955.5
961.3
967.2
979.7
985.9
992.0
1003.9
1008.9
1013.9
1024.6
1030.7
1036.7
1048.6
1054.4
1060.2
1072.5
1078.3
1084.2
1094.9
1100.9
1106.9
1119.5
1125.3
1131.1
1142.2
1148.6
1154.9
1167.4
1173.7
1180.1
1192.2
1198.3
1204.3
1216.4
1222.5
1228.5
1240.4
1246.2
1252.0
1265.6
1272.4
1279.1
1291.0
1297.1
1303.1
1316.6
1323.0
1329.3
1341.6
1348.3
1354.9
1368.8
1375.4
1382.0
1395.5
1402.4
1409.2
1422.7
1429.5
1436.3
1449.6
1456.3
1462.9
1476.8
1483.9
1491.0
1505.5
1509.9
1514.3
1526.2
1534.3
1542.4
1554.1
1559.7
1565.2
1579.7
1586.1
1592.4
1602.2
1609.0
1615.8
1628.9
1634.2
1639.5
1652.2
1658.5
1664.9
1675.6
1681.9
1688.1
1700.8
1706.5
1712.1
1725.6
1731.5
1737.3
1748.6
1755.8
1762.9
1774.2
1779.6
1785.0
1798.8
1805.1
1811.3
1823.3
1830.0
1836.7
1849.0
1855.3
1861.5
1874.0
1880.4
1886.7
1900.0
1906.3
1912.5
1924.4
1931.3
1938.1
1951.2
1957.5
1963.9
1977.6
1983.9
1990.2
2002.9
2009.4
2015.8
2029.3
2036.0
2042.6
2056.5
2063.3
2070.1
2081.9
2088.6
2095.3
2108.4
2114.5
2120.5
2134.6
2140.6
2146.7
2160.4
2166.8
2173.3
2185.6
2191.9
2198.3
2211.3
2217.6
2223.8
2237.1
2243.5
2249.8
2263.1
2270.1
2277.2
2289.5
2295.9
2302.4
2317.4
2323.6
2329.7
2343.6
2350.4
2357.2
2371.1
2377.8
2384.6
2398.1
2404.8
2411.5
2425.4
2432.1
2438.9
2452.2
2458.9
2465.6
2479.7
2486.5
2493.4
2508.4
2515.2
2521.9
2536.7
2544.0
2551.2
2565.2
2572.4
2579.5
2593.8
2600.8
2607.8
2622.9
2630.2
2637.5
2652.4
2659.9
2667.4
2682.6
2690.0
2697.3
2711.9
2719.3
2726.6
2742.0
2749.2
2756.5
2770.7
2777.7
2784.6
2798.8
2806.0
2813.1
2827.2
2827.2
2827.2
2827.2