2827.2
2767.5
2707.8
2693.0
2685.6
2678.1
2670.6
2663.1
2648.1
2640.8
2633.6
2618.8
2611.3
2603.9
2589.9
2582.8
2575.8
2561.9
2554.7
2547.5
2533.0
2525.9
2518.8
2504.7
2497.5
2490.2
2476.6
2469.6
2462.7
2449.4
2442.8
2436.1
2422.7
2415.8
2409.0
2395.7
2389.2
2382.6
2368.8
2362.3
2355.9
2342.2
2335.7
2329.1
2315.4
2308.7
2302.0
2288.7
2282.0
2275.4
2262.1
2255.4
2248.6
2236.1
2230.0
2223.8
2211.1
2204.7
2198.3
2186.0
2179.2
2172.5
2159.4
2153.0
2146.7
2133.0
2127.1
2121.1
2107.6
2101.8
2095.9
2082.4
2075.6
2068.8
2056.3
2049.7
2043.2
2029.3
2022.9
2016.4
2003.5
1997.1
1990.6
1977.9
1971.4
1964.9
1951.8
1945.3
1938.9
1926.0
1919.6
1913.3
1901.2
1894.8
1888.5
1876.0
1869.8
1863.7
1851.4
1844.9
1838.5
1825.2
1819.2
1813.1
1800.4
1794.1
1787.7
1776.4
1770.6
1764.9
1752.4
1746.1
1739.9
1728.1
1722.1
1716.0
1703.1
1697.0
1690.8
1678.9
1672.9
1666.8
1655.3
1649.2
1643.2
1630.7
1624.8
1619.0
1606.9
1600.4
1594.0
1582.2
1576.3
1570.3
1556.7
1550.3
1544.0
1532.0
1525.3
1518.6
1505.9
1499.7
1493.6
1480.1
1473.5
1466.8
1453.1
1446.2
1439.3
1426.2
1419.5
1412.9
1399.2
1392.5
1385.8
1372.3
1365.6
1359.0
1346.3
1340.2
1334.2
1320.9
1314.5
1308.0
1295.3
1289.2
1283.0
1270.5
1264.1
1257.6
1244.9
1239.2
1233.4
1221.7
1215.5
1209.4
1197.5
1191.3
1185.2
1172.9
1166.7
1160.6
1148.5
1142.7
1136.9
1125.0
1119.1
1113.1
1101.2
1095.3
1089.5
1078.1
1072.5
1066.8
1054.5
1048.4
1042.2
1031.3
1026.2
1021.1
1009.8
1003.9
998.1
986.5
980.7
974.8
962.3
956.5
950.6
939.3
933.3
927.4
915.2
909.6
903.9
892.2
886.1
879.9
868.8
863.4
858.0
847.3
841.8
836.3
825.2
819.7
814.3
803.3
797.8
792.2
780.9
775.3
769.7
759.0
753.6
748.3
737.1
731.6
726.0
714.9
709.3
703.7
692.6
686.8
681.1
669.9
664.1
658.2
646.7
641.4
636.1
625.6
620.1
614.7
602.8
596.4
590.1
577.9
572.4
566.8
555.9
550.0
544.2
532.4
526.6
520.7
508.6
502.6
496.5
484.8
483.0
481.3