2832.2
2714.7
2706.8
2698.8
2691.9
2685.0
2670.1
2662.3
2654.5
2639.9
2632.5
2625.2
2610.4
2603.3
2596.3
2581.9
2574.9
2568.0
2553.7
2546.5
2539.3
2524.8
2517.7
2510.6
2496.1
2489.3
2482.4
2468.6
2461.9
2455.3
2442.0
2435.3
2428.5
2414.7
2407.9
2401.2
2388.1
2381.1
2374.0
2361.1
2354.3
2347.5
2334.4
2327.6
2320.7
2307.0
2300.4
2293.8
2280.5
2273.7
2267.0
2253.5
2247.3
2241.0
2228.1
2222.4
2216.6
2203.3
2197.0
2190.6
2177.9
2171.1
2164.3
2151.8
2145.0
2138.3
2125.8
2119.2
2112.5
2100.6
2094.0
2087.3
2073.1
2066.3
2059.6
2046.7
2039.9
2033.0
2019.7
2013.4
2007.0
1994.2
1987.9
1981.7
1968.4
1961.6
1954.9
1942.4
1935.9
1929.3
1916.4
1910.6
1904.7
1891.6
1885.2
1878.7
1867.0
1860.7
1854.3
1840.8
1834.8
1828.7
1816.0
1809.3
1802.6
1790.8
1784.9
1778.9
1767.0
1761.1
1755.3
1742.4
1736.2
1730.1
1718.8
1712.1
1705.5
1692.2
1686.7
1681.3
1669.2
1662.9
1656.7
1645.1
1639.0
1632.8
1620.3
1614.5
1608.6
1595.9
1589.9
1583.8
1571.9
1565.3
1558.8
1545.9
1539.7
1533.4
1520.1
1513.7
1507.2
1494.7
1488.2
1481.7
1468.4
1461.1
1453.9
1440.4
1434.1
1427.8
1414.1
1407.1
1400.2
1387.3
1380.6
1373.8
1360.4
1354.0
1347.7
1335.4
1328.9
1322.5
1309.2
1302.9
1296.7
1284.4
1278.1
1271.9
1259.0
1252.8
1246.7
1235.2
1229.5
1223.8
1211.9
1205.8
1199.6
1187.3
1181.3
1175.2
1162.7
1156.6
1150.4
1139.1
1133.4
1127.8
1115.2
1109.3
1103.3
1091.2
1085.6
1079.9
1069.0
1062.9
1056.9
1044.2
1038.4
1032.6
1023.3
1017.8
1012.3
999.8
994.1
988.3
977.4
971.1
964.9
952.4
946.8
941.2
929.5
923.2
916.8
905.3
899.4
893.6
881.1
875.4
869.7
859.2
853.7
848.3
837.3
831.9
826.4
814.9
809.3
803.7
792.8
787.1
781.5
769.9
764.7
759.4
748.6
743.1
737.5
726.2
720.7
715.2
703.9
698.3
692.6
681.5
675.7
669.9
658.0
652.5
646.9
636.3
630.9
625.4
614.7
608.8
602.9
589.7
583.5
577.4
566.6
561.1
555.7
544.0
538.0
532.0
520.3
514.1
507.8
495.7
490.0
484.2
476.2
476.2