474.234375
571.109375
571.109375
580.6796875
590.640625
590.640625
603.53125
603.53125
616.8125
628.140625
628.140625
638.1015625
648.6484375
648.6484375
660.5625
672.28125
672.28125
684.390625
695.5234375
695.5234375
705.6796875
716.8125
716.8125
729.1171875
740.0546875
740.0546875
750.40625
761.9296875
761.9296875
773.6484375
784.390625
784.390625
795.5234375
807.2421875
807.2421875
818.9609375
829.8984375
829.8984375
840.4453125
850.796875
850.796875
862.515625
874.4296875
874.4296875
885.3671875
896.5
896.5
909.1953125
921.5
921.5
932.6328125
944.9375
944.9375
957.4375
968.765625
968.765625
980.875
993.5703125
993.5703125
1005.875
1015.8359375
1015.8359375
1025.9921875
1038.1015625
1038.1015625
1050.2109375
1061.734375
1061.734375
1073.453125
1085.7578125
1085.7578125
1096.6953125
1108.0234375
1108.0234375
1120.5234375
1132.6328125
1132.6328125
1143.765625
1155.6796875
1155.6796875
1168.1796875
1181.0703125
1181.0703125
1193.375
1205.2890625
1205.2890625
1217.59375
1229.8984375
1229.8984375
1241.421875
1253.140625
1253.140625
1266.6171875
1279.8984375
1279.8984375
1292.3984375
1304.5078125
1304.5078125
1317.203125
1330.09375
1330.09375
1342.7890625
1355.6796875
1355.6796875
1368.765625
1382.2421875
1382.2421875
1395.9140625
1409.78125
1409.78125
1422.8671875
1436.34375
1436.34375
1450.015625
1463.1015625
1463.1015625
1476.578125
1490.8359375
1490.8359375
1505.484375
1517.59375
1517.59375
1526.578125
1541.03125
1541.03125
1555.875
1566.6171875
1566.6171875
1578.7265625
1593.375
1593.375
1604.703125
1615.25
1615.25
1629.5078125
1641.6171875
1641.6171875
1651.96875
1665.25
1665.25
1677.5546875
1688.1015625
1688.1015625
1700.796875
1713.1015625
1713.1015625
1725.015625
1737.90625
1737.90625
1749.4296875
1762.3203125
1762.3203125
1775.6015625
1786.734375
1786.734375
1798.2578125
1811.734375
1811.734375
1824.0390625
1836.34375
1836.34375
1849.4296875
1862.3203125
1862.3203125
1874.234375
1887.125
1887.125
1900.2109375
1912.515625
1912.515625
1925.015625
1937.7109375
1937.7109375
1951.1875
1964.2734375
1964.2734375
1977.359375
1990.4453125
1990.4453125
2003.53125
2016.03125
2016.03125
2028.921875
2042.3984375
2042.3984375
2055.2890625
2069.15625
2069.15625
2081.4609375
2094.546875
2094.546875
2108.21875
2120.5234375
2120.5234375
2133.21875
2146.6953125
2146.6953125
2159.0
2172.4765625
2172.4765625
2184.9765625
2196.5
2196.5
2210.7578125
2222.4765625
2222.4765625
2235.5625
2248.84375
2248.84375
2261.1484375
2275.2109375
2275.2109375
2288.6875
2301.7734375
2301.7734375
2315.25
2328.7265625
2328.7265625
2342.3984375
2355.6796875
2355.6796875
2368.9609375
2382.4375
2382.4375
2396.109375
2409.5859375
2409.5859375
2423.0625
2436.9296875
2436.9296875
2450.2109375
2463.4921875
2463.4921875
2476.96875
2491.2265625
2491.2265625
2504.8984375
2519.7421875
2519.7421875
2533.4140625
2548.2578125
2548.2578125
2562.7109375
2576.7734375
2576.7734375
2591.03125
2605.484375
2605.484375
2619.3515625
2634.5859375
2634.5859375
2648.84375
2664.078125
2664.078125
2679.1171875
2694.3515625
2694.3515625
2709.0
2723.6484375
2723.6484375
2738.4921875
2753.921875
2753.921875
2767.7890625
2781.8515625
2781.8515625
2795.71875
2810.171875
2810.171875
2824.0390625
2834.390625
2834.390625
