2832.6328125
2832.4375
2832.4375
2695.71875
2695.71875
2680.6796875
2665.25
2665.25
2650.2109375
2635.7578125
2635.7578125
2620.5234375
2606.4609375
2606.4609375
2592.3984375
2578.140625
2578.140625
2563.8828125
2549.625
2549.625
2534.9765625
2520.9140625
2520.9140625
2506.4609375
2492.3984375
2492.3984375
2478.7265625
2464.46875
2464.46875
2451.578125
2438.296875
2438.296875
2424.625
2410.953125
2410.953125
2397.671875
2384.390625
2384.390625
2370.5234375
2357.6328125
2357.6328125
2343.765625
2330.6796875
2330.6796875
2317.0078125
2303.53125
2303.53125
2290.640625
2276.7734375
2276.7734375
2263.4921875
2250.2109375
2250.2109375
2237.7109375
2225.015625
2225.015625
2213.4921875
2199.625
2199.625
2188.296875
2174.4296875
2174.4296875
2161.34375
2148.6484375
2148.6484375
2135.5625
2123.0625
2123.0625
2109.9765625
2097.671875
2097.671875
2084.0
2070.5234375
2070.5234375
2058.21875
2044.546875
2044.546875
2030.875
2018.5703125
2018.5703125
2005.484375
1992.984375
1992.984375
1979.8984375
1966.8125
1966.8125
1953.53125
1940.25
1940.25
1927.359375
1915.4453125
1915.4453125
1902.9453125
1890.0546875
1890.0546875
1877.75
1865.4453125
1865.4453125
1852.75
1839.46875
1839.46875
1827.359375
1814.6640625
1814.6640625
1801.7734375
1790.0546875
1790.0546875
1778.53125
1766.421875
1766.421875
1754.3125
1741.8125
1741.8125
1729.8984375
1717.7890625
1717.7890625
1704.703125
1692.59375
1692.59375
1680.875
1668.5703125
1668.5703125
1656.4609375
1644.546875
1644.546875
1632.4375
1620.328125
1620.328125
1608.0234375
1595.5234375
1595.5234375
1583.8046875
1570.9140625
1570.9140625
1557.828125
1545.5234375
1545.5234375
1532.6328125
1519.546875
1519.546875
1507.2421875
1493.9609375
1493.9609375
1481.0703125
1467.59375
1467.59375
1452.9453125
1440.0546875
1440.0546875
1427.359375
1412.7109375
1412.7109375
1399.625
1386.9296875
1386.9296875
1372.8671875
1359.78125
1359.78125
1347.4765625
1334.9765625
1334.9765625
1321.5
1308.8046875
1308.8046875
1296.3046875
1283.8046875
1283.8046875
1271.109375
1258.21875
1258.21875
1245.9140625
1234.5859375
1234.5859375
1222.671875
1209.9765625
1209.9765625
1198.453125
1186.1484375
1186.1484375
1173.453125
1160.953125
1160.953125
1149.4296875
1137.515625
1137.515625
1125.796875
1114.2734375
1114.2734375
1102.1640625
1089.859375
1089.859375
1079.1171875
1067.984375
1067.984375
1054.8984375
1042.203125
1042.203125
1032.4375
1022.4765625
1022.4765625
1010.5625
998.453125
998.453125
987.7109375
975.9921875
975.9921875
963.296875
951.3828125
951.3828125
940.8359375
929.3125
929.3125
916.421875
904.3125
904.3125
892.984375
881.265625
881.265625
869.7421875
858.609375
858.609375
848.0625
837.515625
837.515625
825.9921875
814.46875
814.46875
803.53125
792.7890625
792.7890625
781.265625
769.9375
769.9375
759.1953125
748.453125
748.453125
737.3203125
725.9921875
725.9921875
714.6640625
703.53125
703.53125
692.3984375
681.0703125
681.0703125
669.3515625
657.828125
657.828125
646.5
635.7578125
635.7578125
625.015625
614.078125
614.078125
601.3828125
588.4921875
588.4921875
576.7734375
565.8359375
565.8359375
554.5078125
542.7890625
542.7890625
530.875
518.765625
518.765625
506.65625
494.7421875
494.7421875
482.6328125
473.453125
473.453125
