2787.515625
2673.453125
2662.3203125
2646.6953125
2646.6953125
2632.6328125
2632.6328125
2618.9609375
2604.5078125
2604.5078125
2590.4453125
2576.1875
2576.1875
2561.9296875
2547.4765625
2547.4765625
2533.21875
2519.3515625
2519.3515625
2504.8984375
2491.6171875
2491.6171875
2477.359375
2464.6640625
2464.6640625
2450.796875
2437.7109375
2437.7109375
2423.6484375
2410.953125
2410.953125
2398.0625
2384.390625
2384.390625
2371.109375
2358.0234375
2358.0234375
2344.3515625
2331.0703125
2331.0703125
2317.3984375
2304.1171875
2304.1171875
2290.640625
2277.1640625
2277.1640625
2263.6875
2251.3828125
2251.3828125
2238.296875
2226.1875
2226.1875
2215.4453125
2199.625
2199.625
2189.078125
2175.40625
2175.40625
2160.7578125
2150.015625
2150.015625
2136.34375
2123.6484375
2123.6484375
2111.1484375
2098.0625
2098.0625
2084.390625
2071.3046875
2071.3046875
2058.21875
2044.15625
2044.15625
2031.65625
2018.765625
2018.765625
2005.6796875
1993.375
1993.375
1980.09375
1966.421875
1966.421875
1953.140625
1940.0546875
1940.0546875
1927.1640625
1915.4453125
1915.4453125
1902.359375
1889.078125
1889.078125
1877.359375
1865.25
1865.25
1851.3828125
1838.6875
1838.6875
1826.96875
1813.1015625
1813.1015625
1800.9921875
1789.6640625
1789.6640625
1777.359375
1765.4453125
1765.4453125
1753.3359375
1740.4453125
1740.4453125
1727.9453125
1715.640625
1715.640625
1702.75
1690.640625
1690.640625
1679.1171875
1666.6171875
1666.6171875
1654.5078125
1642.59375
1642.59375
1630.484375
1618.1796875
1618.1796875
1605.6796875
1593.9609375
1593.9609375
1581.4609375
1568.1796875
1568.1796875
1555.6796875
1542.3984375
1542.3984375
1529.8984375
1517.59375
1517.59375
1504.5078125
1491.6171875
1491.6171875
1478.53125
1464.078125
1464.078125
1450.40625
1437.515625
1437.515625
1423.2578125
1409.78125
1409.78125
1397.28125
1382.828125
1382.828125
1369.15625
1357.2421875
1357.2421875
1344.3515625
1330.875
1318.9609375
1318.9609375
1306.65625
1306.65625
1293.375
1280.6796875
1280.6796875
1268.765625
1255.875
1255.875
1243.375
1232.4375
1232.4375
1220.71875
1208.0234375
1208.0234375
1195.9140625
1184.0
1184.0
1171.3046875
1158.8046875
1158.8046875
1147.671875
1135.953125
1135.953125
1123.6484375
1111.9296875
1111.9296875
1099.8203125
1088.1015625
1088.1015625
1076.96875
1065.4453125
1065.4453125
1053.140625
1041.421875
1041.421875
1031.0703125
1020.71875
1020.71875
1009.0
997.0859375
997.0859375
985.5625
973.453125
973.453125
961.34375
949.625
949.625
938.1015625
925.9921875
925.9921875
913.8828125
902.359375
902.359375
890.25
878.7265625
878.7265625
867.984375
857.046875
857.046875
845.9140625
835.171875
835.171875
824.234375
812.515625
812.515625
801.3828125
790.640625
790.640625
779.3125
768.1796875
768.1796875
757.4375
746.5
746.5
735.3671875
724.0390625
724.0390625
712.7109375
701.7734375
701.7734375
690.4453125
678.921875
678.921875
666.8125
655.2890625
655.2890625
644.7421875
633.8046875
633.8046875
622.671875
611.1484375
611.1484375
598.6484375
585.953125
585.953125
574.4296875
563.296875
563.296875
551.96875
540.25
540.25
528.3359375
516.2265625
503.921875
503.921875
492.0078125
492.0078125
480.484375
474.0390625
474.0390625
474.0390625
474.0390625
474.0390625
474.0390625
