451.578125
557.046875
566.8125
566.8125
579.8984375
579.8984375
593.765625
593.765625
604.3125
604.3125
613.6875
613.6875
626.578125
640.640625
640.640625
650.9921875
659.5859375
659.5859375
670.71875
684.390625
684.390625
697.28125
706.8515625
706.8515625
716.2265625
728.53125
728.53125
741.8125
751.96875
751.96875
761.734375
773.453125
773.453125
785.5625
796.5
796.5
806.8515625
818.5703125
818.5703125
830.2890625
840.8359375
840.8359375
851.3828125
862.90625
862.90625
874.4296875
885.171875
885.171875
896.6953125
908.609375
908.609375
920.5234375
932.6328125
932.6328125
944.7421875
956.4609375
956.4609375
968.5703125
980.875
980.875
992.7890625
1004.8984375
1004.8984375
1017.203125
1027.5546875
1027.5546875
1037.90625
1049.625
1049.625
1061.34375
1073.453125
1073.453125
1085.5625
1097.28125
1097.28125
1108.0234375
1119.7421875
1119.7421875
1132.4375
1144.3515625
1144.3515625
1155.6796875
1167.59375
1167.59375
1180.09375
1192.984375
1192.984375
1205.09375
1217.203125
1217.203125
1229.703125
1241.421875
1241.421875
1252.75
1265.640625
1265.640625
1278.921875
1291.421875
1291.421875
1304.1171875
1316.421875
1316.421875
1329.1171875
1342.3984375
1342.3984375
1355.09375
1367.59375
1367.59375
1380.875
1394.9375
1394.9375
1408.8046875
1422.0859375
1422.0859375
1435.171875
1449.0390625
1449.0390625
1462.90625
1475.796875
1475.796875
1489.46875
1504.1171875
1504.1171875
1518.765625
1533.0234375
1533.0234375
1540.8359375
1551.578125
1551.578125
1568.375
1580.6796875
1580.6796875
1590.8359375
1605.484375
1605.484375
1617.7890625
1627.75
1627.75
1641.6171875
1654.1171875
1654.1171875
1664.859375
1677.9453125
1677.9453125
1690.4453125
1701.1875
1701.1875
1713.8828125
1726.7734375
1726.7734375
1738.8828125
1751.7734375
1751.7734375
1764.46875
1776.96875
1776.96875
1789.46875
1801.1875
1801.1875
1812.90625
1825.6015625
1825.6015625
1838.4921875
1850.40625
1850.40625
1863.4921875
1876.3828125
1876.3828125
1888.1015625
1901.578125
1901.578125
1914.46875
1926.3828125
1926.3828125
1939.2734375
1952.5546875
1952.5546875
1965.8359375
1979.5078125
1979.5078125
1992.3984375
2005.6796875
2005.6796875
2018.765625
2030.875
2030.875
2044.3515625
2057.6328125
2057.6328125
2070.9140625
2084.390625
2084.390625
2097.671875
2110.7578125
2110.7578125
2123.84375
2136.5390625
2136.5390625
2149.4296875
2162.3203125
2162.3203125
2175.015625
2188.8828125
2188.8828125
2200.796875
2214.2734375
2214.2734375
2226.96875
2239.46875
2239.46875
2252.75
2265.25
2265.25
2278.7265625
2292.59375
2292.59375
2305.6796875
2319.546875
2319.546875
2332.828125
2346.6953125
2346.6953125
2359.9765625
2373.2578125
2373.2578125
2387.125
2400.2109375
2400.2109375
2413.8828125
2426.3828125
2426.3828125
2440.640625
2454.1171875
2454.1171875
2467.59375
2480.875
2480.875
2494.9375
2508.609375
2508.609375
2523.2578125
2537.125
2537.125
2551.578125
2566.03125
2566.03125
2580.484375
2594.546875
2594.546875
2608.8046875
2623.0625
2623.0625
2637.515625
2652.359375
2652.359375
2666.6171875
2682.046875
2682.046875
2697.28125
2712.125
2712.125
2726.96875
2742.0078125
2742.0078125
2757.046875
2772.4765625
2772.4765625
2786.9296875
2788.1015625
2788.1015625
2787.7109375
2787.515625
