473.0625
562.90625
571.5
571.5
580.484375
594.15625
594.15625
608.0234375
619.546875
619.546875
629.3125
639.46875
639.46875
651.578125
663.8828125
663.8828125
674.8203125
686.1484375
686.1484375
697.8671875
708.8046875
708.8046875
719.546875
731.265625
731.265625
742.7890625
753.7265625
753.7265625
764.46875
775.9921875
775.9921875
787.125
798.6484375
798.6484375
809.9765625
821.3046875
821.3046875
832.4375
842.984375
842.984375
853.7265625
865.25
865.25
877.1640625
888.296875
888.296875
899.8203125
912.7109375
912.7109375
924.625
936.1484375
936.1484375
948.2578125
960.7578125
960.7578125
972.4765625
984.5859375
984.5859375
997.0859375
1008.609375
1008.609375
1018.1796875
1029.5078125
1029.5078125
1041.8125
1053.3359375
1053.3359375
1065.25
1077.75
1077.75
1088.6875
1099.625
1099.625
1112.125
1124.4296875
1124.4296875
1135.5625
1147.4765625
1147.4765625
1159.9765625
1172.28125
1172.28125
1185.171875
1197.0859375
1197.0859375
1208.8046875
1221.3046875
1221.3046875
1233.21875
1244.9375
1244.9375
1257.4375
1270.9140625
1270.9140625
1283.8046875
1296.109375
1296.109375
1308.4140625
1321.5
1321.5
1334.5859375
1347.0859375
1347.0859375
1359.78125
1373.6484375
1373.6484375
1387.125
1400.796875
1400.796875
1414.2734375
1427.75
1427.75
1441.421875
1454.8984375
1454.8984375
1467.984375
1482.046875
1482.046875
1496.6953125
1510.171875
1510.171875
1519.15625
1532.6328125
1532.6328125
1547.8671875
1559.390625
1559.390625
1571.3046875
1585.3671875
1585.3671875
1597.8671875
1607.828125
1607.828125
1621.5
1634.5859375
1634.5859375
1644.9375
1657.6328125
1657.6328125
1670.5234375
1681.265625
1681.265625
1693.5703125
1706.4609375
1706.4609375
1718.375
1731.0703125
1731.0703125
1743.1796875
1755.09375
1755.09375
1768.375
1780.484375
1780.484375
1791.8125
1804.703125
1804.703125
1817.59375
1829.8984375
1829.8984375
1842.59375
1855.6796875
1855.6796875
1868.375
1880.2890625
1880.2890625
1893.9609375
1906.4609375
1906.4609375
1918.5703125
1931.4609375
1931.4609375
1944.9375
1957.6328125
1957.6328125
1970.71875
1983.8046875
1983.8046875
1996.890625
2009.5859375
2009.5859375
2022.4765625
2035.953125
2035.953125
2049.0390625
2062.90625
2062.90625
2076.578125
2090.25
2090.25
2103.3359375
2116.03125
2116.03125
2128.7265625
2142.0078125
2142.0078125
2154.8984375
2167.984375
2167.984375
2180.875
2193.1796875
2193.1796875
2206.265625
2218.9609375
2218.9609375
2231.4609375
2244.9375
2244.9375
2257.2421875
2271.3046875
2271.3046875
2284.78125
2298.0625
2298.0625
2311.734375
2325.40625
2325.40625
2339.078125
2352.359375
2352.359375
2365.8359375
2379.3125
2379.3125
2392.984375
2406.265625
2406.265625
2419.9375
2433.8046875
2433.8046875
2446.890625
2460.3671875
2460.3671875
2473.84375
2487.90625
2487.90625
2501.578125
2516.6171875
2516.6171875
2530.2890625
2545.1328125
2545.1328125
2559.5859375
2573.453125
2573.453125
2587.7109375
2601.96875
2601.96875
2615.8359375
2630.875
2630.875
2645.71875
2660.3671875
2660.3671875
2675.796875
2690.8359375
2690.8359375
2705.484375
2719.9375
2719.9375
2734.5859375
2750.2109375
2750.2109375
2765.8359375
2778.3359375
2778.3359375
2792.203125
2806.265625
2806.265625
2820.5234375
2834.1953125
2834.1953125
2832.2421875
