2827.1640625
2827.1640625
2707.828125
2692.984375
2692.984375
2678.140625
2678.140625
2663.1015625
2648.0625
2648.0625
2633.609375
2618.765625
2618.765625
2603.921875
2589.859375
2589.859375
2575.796875
2561.9296875
2561.9296875
2547.4765625
2533.0234375
2533.0234375
2518.765625
2504.703125
2504.703125
2490.25
2476.578125
2476.578125
2462.7109375
2449.4296875
2449.4296875
2436.1484375
2422.671875
2422.671875
2409.0
2395.71875
2395.71875
2382.6328125
2368.765625
2368.765625
2355.875
2342.203125
2342.203125
2329.1171875
2315.4453125
2315.4453125
2301.96875
2288.6875
2288.6875
2275.40625
2262.125
2262.125
2248.6484375
2236.1484375
2236.1484375
2223.84375
2211.1484375
2211.1484375
2198.2578125
2185.953125
2185.953125
2172.4765625
2159.390625
2159.390625
2146.6953125
2133.0234375
2133.0234375
2121.109375
2107.6328125
2107.6328125
2095.9140625
2082.4375
2082.4375
2068.765625
2056.265625
2056.265625
2043.1796875
2029.3125
2029.3125
2016.421875
2003.53125
2003.53125
1990.640625
1977.9453125
1977.9453125
1964.859375
1951.7734375
1951.7734375
1938.8828125
1925.9921875
1925.9921875
1913.296875
1901.1875
1901.1875
1888.4921875
1875.9921875
1875.9921875
1863.6875
1851.3828125
1851.3828125
1838.4921875
1825.2109375
1825.2109375
1813.1015625
1800.40625
1800.40625
1787.7109375
1776.3828125
1776.3828125
1764.859375
1752.359375
1752.359375
1739.859375
1728.140625
1728.140625
1716.03125
1703.140625
1703.140625
1690.8359375
1678.921875
1678.921875
1666.8125
1655.2890625
1655.2890625
1643.1796875
1630.6796875
1630.6796875
1618.9609375
1606.8515625
1606.8515625
1593.9609375
1582.2421875
1582.2421875
1570.328125
1556.65625
1556.65625
1543.9609375
1532.046875
1532.046875
1518.5703125
1505.875
1505.875
1493.5703125
1480.09375
1480.09375
1466.8125
1453.140625
1453.140625
1439.2734375
1426.1875
1426.1875
1412.90625
1399.234375
1399.234375
1385.7578125
1372.28125
1372.28125
1359.0
1346.3046875
1346.3046875
1334.1953125
1320.9140625
1320.9140625
1308.0234375
1295.328125
1295.328125
1283.0234375
1270.5234375
1270.5234375
1257.6328125
1244.9375
1244.9375
1233.4140625
1221.6953125
1221.6953125
1209.390625
1197.4765625
1197.4765625
1185.171875
1172.8671875
1172.8671875
1160.5625
1148.453125
1148.453125
1136.9296875
1125.015625
1125.015625
1113.1015625
1101.1875
1101.1875
1089.46875
1078.140625
1078.140625
1066.8125
1054.5078125
1054.5078125
1042.203125
1031.265625
1031.265625
1021.109375
1009.78125
1009.78125
998.0625
986.5390625
986.5390625
974.8203125
962.3203125
962.3203125
950.6015625
939.2734375
939.2734375
927.359375
915.25
915.25
903.921875
892.203125
892.203125
879.8984375
868.765625
868.765625
858.0234375
847.28125
847.28125
836.34375
825.2109375
825.2109375
814.2734375
803.3359375
803.3359375
792.203125
780.875
780.875
769.7421875
759.0
759.0
748.2578125
737.125
737.125
725.9921875
714.859375
714.859375
703.7265625
692.59375
692.59375
681.0703125
669.9375
669.9375
658.21875
646.6953125
646.6953125
636.1484375
625.6015625
625.6015625
614.6640625
602.75
602.75
590.0546875
577.9453125
577.9453125
566.8125
555.875
555.875
544.15625
532.4375
532.4375
520.71875
508.609375
508.609375
496.5
484.78125
484.78125
481.265625
