2830.09375
2719.9375
2708.0234375
2693.375
2693.375
2678.53125
2678.53125
2663.4921875
2648.2578125
2648.2578125
2633.8046875
2618.9609375
2618.9609375
2604.5078125
2590.4453125
2590.4453125
2575.9921875
2562.125
2562.125
2547.8671875
2533.4140625
2533.4140625
2518.9609375
2504.8984375
2504.8984375
2490.4453125
2476.96875
2476.96875
2462.90625
2449.8203125
2449.8203125
2436.34375
2422.8671875
2422.8671875
2409.0
2395.71875
2395.71875
2382.4375
2368.5703125
2368.5703125
2355.484375
2341.8125
2341.8125
2328.53125
2314.859375
2314.859375
2301.3828125
2287.90625
2287.90625
2274.625
2261.1484375
2261.1484375
2247.671875
2235.3671875
2235.3671875
2222.671875
2210.3671875
2210.3671875
2197.28125
2184.9765625
2184.9765625
2171.3046875
2158.609375
2158.609375
2145.5234375
2132.2421875
2132.2421875
2119.9375
2106.4609375
2106.4609375
2094.546875
2080.6796875
2080.6796875
2067.3984375
2055.09375
2055.09375
2041.6171875
2027.75
2027.75
2015.25
2002.1640625
2002.1640625
1989.2734375
1976.578125
1976.578125
1963.296875
1950.015625
1950.015625
1936.34375
1923.453125
1923.453125
1911.1484375
1898.84375
1898.84375
1885.7578125
1873.453125
1873.453125
1861.34375
1848.6484375
1848.6484375
1835.3671875
1822.8671875
1822.8671875
1810.3671875
1797.28125
1797.28125
1785.5625
1773.84375
1773.84375
1761.9296875
1749.8203125
1749.8203125
1737.125
1725.2109375
1725.2109375
1713.296875
1699.8203125
1699.8203125
1687.515625
1676.1875
1676.1875
1663.8828125
1651.578125
1651.578125
1640.0546875
1627.5546875
1627.5546875
1615.640625
1604.1171875
1604.1171875
1591.2265625
1579.3125
1579.3125
1567.203125
1554.1171875
1554.1171875
1541.6171875
1528.921875
1528.921875
1516.2265625
1503.53125
1503.53125
1490.640625
1478.140625
1478.140625
1464.6640625
1450.2109375
1450.2109375
1437.3203125
1424.4296875
1424.4296875
1410.3671875
1397.28125
1397.28125
1384.390625
1370.328125
1370.328125
1357.828125
1345.71875
1345.71875
1332.828125
1319.9375
1319.9375
1307.2421875
1294.7421875
1294.7421875
1282.4375
1269.7421875
1269.7421875
1257.046875
1244.546875
1244.546875
1233.0234375
1221.109375
1221.109375
1209.0
1197.0859375
1197.0859375
1184.5859375
1172.4765625
1172.4765625
1160.171875
1147.8671875
1147.8671875
1136.5390625
1124.8203125
1124.8203125
1112.3203125
1100.40625
1100.40625
1088.6875
1077.1640625
1077.1640625
1066.03125
1053.921875
1053.921875
1041.6171875
1030.6796875
1030.6796875
1020.328125
1009.1953125
1009.1953125
997.4765625
985.953125
985.953125
974.234375
961.9296875
961.9296875
950.015625
938.6875
938.6875
926.7734375
914.078125
914.078125
902.5546875
891.03125
891.03125
878.7265625
867.3984375
867.3984375
856.8515625
845.9140625
845.9140625
834.78125
823.6484375
823.6484375
812.7109375
801.578125
801.578125
790.4453125
778.921875
778.921875
767.7890625
757.046875
757.046875
746.3046875
734.9765625
734.9765625
723.6484375
712.515625
712.515625
701.3828125
689.859375
689.859375
678.53125
667.203125
667.203125
655.09375
643.9609375
643.9609375
633.4140625
622.671875
622.671875
611.34375
599.234375
599.234375
586.34375
574.234375
574.234375
563.296875
552.359375
552.359375
540.25
528.53125
528.53125
516.6171875
503.921875
503.921875
492.0078125
481.265625
481.265625
478.53125
