475.796875
566.2265625
575.015625
583.21875
583.21875
596.6953125
596.6953125
611.734375
622.671875
622.671875
630.875
641.8125
641.8125
655.484375
666.8125
666.8125
677.359375
688.8828125
688.8828125
700.6015625
711.5390625
711.5390625
722.4765625
734.0
734.0
745.1328125
756.265625
756.265625
767.59375
778.53125
778.53125
789.859375
801.578125
801.578125
812.90625
824.0390625
824.0390625
835.171875
845.71875
845.71875
856.65625
868.375
868.375
879.703125
890.8359375
890.8359375
903.53125
915.8359375
915.8359375
926.96875
939.2734375
939.2734375
951.7734375
963.296875
963.296875
975.40625
987.90625
987.90625
1000.015625
1010.7578125
1010.7578125
1020.9140625
1032.4375
1032.4375
1044.546875
1056.4609375
1056.4609375
1068.5703125
1080.2890625
1080.2890625
1091.03125
1102.9453125
1102.9453125
1115.4453125
1127.1640625
1127.1640625
1138.4921875
1150.796875
1150.796875
1163.296875
1175.9921875
1175.9921875
1188.4921875
1200.40625
1200.40625
1212.7109375
1224.8203125
1224.8203125
1236.5390625
1248.2578125
1248.2578125
1261.1484375
1274.8203125
1274.8203125
1287.3203125
1299.234375
1299.234375
1312.125
1325.40625
1325.40625
1337.90625
1350.40625
1350.40625
1363.8828125
1377.359375
1377.359375
1390.8359375
1404.703125
1404.703125
1417.7890625
1431.265625
1431.265625
1445.1328125
1458.21875
1458.21875
1471.6953125
1485.7578125
1485.7578125
1500.2109375
1513.1015625
1513.1015625
1520.9140625
1535.171875
1535.171875
1550.796875
1561.1484375
1561.1484375
1573.0625
1588.296875
1588.296875
1599.0390625
1609.5859375
1609.5859375
1624.234375
1636.1484375
1636.1484375
1646.6953125
1659.9765625
1659.9765625
1672.0859375
1682.828125
1682.828125
1696.109375
1708.0234375
1708.0234375
1719.9375
1733.0234375
1733.0234375
1744.15625
1756.8515625
1756.8515625
1770.1328125
1780.875
1780.875
1792.984375
1806.0703125
1806.0703125
1818.375
1831.0703125
1831.0703125
1844.15625
1856.65625
1856.65625
1868.765625
1881.65625
1881.65625
1894.546875
1907.046875
1907.046875
1919.7421875
1932.2421875
1932.2421875
1945.9140625
1959.390625
1959.390625
1972.4765625
1985.3671875
1985.3671875
1998.453125
2010.953125
2010.953125
2024.0390625
2036.5390625
2036.5390625
2049.625
2063.8828125
2063.8828125
2075.2109375
2089.46875
2089.46875
2102.359375
2114.6640625
2114.6640625
2128.140625
2140.8359375
2140.8359375
2153.7265625
2167.3984375
2167.3984375
2179.703125
2192.3984375
2192.3984375
2205.2890625
2218.375
2218.375
2230.2890625
2244.15625
2244.15625
2256.4609375
2270.5234375
2270.5234375
2283.8046875
2297.0859375
2297.0859375
2310.7578125
2324.4296875
2324.4296875
2337.90625
2351.7734375
2351.7734375
2365.0546875
2378.53125
2378.53125
2392.203125
2405.484375
2405.484375
2419.3515625
2433.21875
2433.21875
2446.3046875
2459.78125
2459.78125
2473.6484375
2487.3203125
2487.3203125
2501.7734375
2516.2265625
2516.2265625
2530.2890625
2544.9375
2544.9375
2559.0
2573.0625
2573.0625
2587.515625
2601.578125
2601.578125
2616.03125
2631.0703125
2631.0703125
2645.5234375
2660.7578125
2660.7578125
2675.9921875
2690.8359375
2690.8359375
2705.484375
2720.1328125
2720.1328125
2735.171875
2750.796875
2750.796875
2764.2734375
2778.7265625
2778.7265625
2792.59375
2807.046875
2807.046875
2820.9140625
2832.4375
2832.4375
2830.2890625
