475.40625
571.3046875
577.9453125
577.9453125
588.4921875
588.4921875
604.1171875
617.0078125
617.0078125
626.3828125
635.7578125
635.7578125
647.671875
660.5625
660.5625
671.890625
682.4375
682.4375
693.5703125
705.484375
705.484375
716.421875
726.7734375
726.7734375
738.1015625
750.015625
750.015625
760.5625
771.109375
771.109375
782.828125
794.7421875
794.7421875
805.6796875
816.6171875
816.6171875
828.140625
839.078125
839.078125
849.625
860.953125
860.953125
872.4765625
883.4140625
883.4140625
895.5234375
908.0234375
908.0234375
919.3515625
931.265625
931.265625
943.765625
955.484375
955.484375
967.203125
979.703125
979.703125
992.0078125
1003.921875
1003.921875
1013.8828125
1024.625
1024.625
1036.734375
1048.6484375
1048.6484375
1060.171875
1072.4765625
1072.4765625
1084.1953125
1094.9375
1094.9375
1106.8515625
1119.546875
1119.546875
1131.0703125
1142.203125
1142.203125
1154.8984375
1167.3984375
1167.3984375
1180.09375
1192.203125
1192.203125
1204.3125
1216.421875
1216.421875
1228.53125
1240.4453125
1240.4453125
1251.96875
1265.640625
1265.640625
1279.1171875
1291.03125
1291.03125
1303.140625
1316.6171875
1316.6171875
1329.3125
1341.6171875
1341.6171875
1354.8984375
1368.765625
1368.765625
1382.046875
1395.5234375
1395.5234375
1409.1953125
1422.671875
1422.671875
1436.34375
1449.625
1449.625
1462.90625
1476.7734375
1476.7734375
1491.03125
1505.484375
1505.484375
1514.2734375
1526.1875
1526.1875
1542.3984375
1554.1171875
1554.1171875
1565.25
1579.703125
1579.703125
1592.3984375
1602.1640625
1602.1640625
1615.8359375
1628.921875
1628.921875
1639.46875
1652.1640625
1652.1640625
1664.859375
1675.6015625
1675.6015625
1688.1015625
1700.796875
1700.796875
1712.125
1725.6015625
1725.6015625
1737.3203125
1748.6484375
1748.6484375
1762.90625
1774.234375
1774.234375
1784.9765625
1798.84375
1798.84375
1811.34375
1823.2578125
1823.2578125
1836.734375
1849.0390625
1849.0390625
1861.5390625
1874.0390625
1874.0390625
1886.734375
1900.015625
1900.015625
1912.515625
1924.4296875
1924.4296875
1938.1015625
1951.1875
1951.1875
1963.8828125
1977.5546875
1977.5546875
1990.25
2002.9453125
2002.9453125
2015.8359375
2029.3125
2029.3125
2042.59375
2056.4609375
2056.4609375
2070.1328125
2081.8515625
2081.8515625
2095.328125
2108.4140625
2108.4140625
2120.5234375
2134.5859375
2134.5859375
2146.6953125
2160.3671875
2160.3671875
2173.2578125
2185.5625
2185.5625
2198.2578125
2211.34375
2211.34375
2223.84375
2237.125
2237.125
2249.8203125
2263.1015625
2263.1015625
2277.1640625
2289.46875
2289.46875
2302.359375
2317.3984375
2317.3984375
2329.703125
2343.5703125
2343.5703125
2357.2421875
2371.109375
2371.109375
2384.5859375
2398.0625
2398.0625
2411.5390625
2425.40625
2425.40625
2438.8828125
2452.1640625
2452.1640625
2465.640625
2479.703125
2479.703125
2493.375
2508.4140625
2508.4140625
2521.890625
2536.734375
2536.734375
2551.1875
2565.25
2565.25
2579.5078125
2593.765625
2593.765625
2607.828125
2622.8671875
2622.8671875
2637.515625
2652.359375
2652.359375
2667.3984375
2682.6328125
2682.6328125
2697.28125
2711.9296875
2711.9296875
2726.578125
2742.0078125
2742.0078125
2756.4609375
2770.71875
2770.71875
2784.5859375
2798.84375
2798.84375
2813.1015625
2827.1640625
2827.1640625
2826.7734375
2827.1640625
