2832.2421875
2714.6640625
2714.6640625
2698.84375
2698.84375
2684.9765625
2670.1328125
2670.1328125
2654.5078125
2639.859375
2639.859375
2625.2109375
2610.3671875
2610.3671875
2596.3046875
2581.8515625
2581.8515625
2567.984375
2553.7265625
2553.7265625
2539.2734375
2524.8203125
2524.8203125
2510.5625
2496.109375
2496.109375
2482.4375
2468.5703125
2468.5703125
2455.2890625
2442.0078125
2442.0078125
2428.53125
2414.6640625
2414.6640625
2401.1875
2388.1015625
2388.1015625
2374.0390625
2361.1484375
2361.1484375
2347.4765625
2334.390625
2334.390625
2320.71875
2307.046875
2307.046875
2293.765625
2280.484375
2280.484375
2267.0078125
2253.53125
2253.53125
2241.03125
2228.140625
2228.140625
2216.6171875
2203.3359375
2203.3359375
2190.640625
2177.9453125
2177.9453125
2164.2734375
2151.7734375
2151.7734375
2138.296875
2125.796875
2125.796875
2112.515625
2100.6015625
2100.6015625
2087.3203125
2073.0625
2073.0625
2059.5859375
2046.6953125
2046.6953125
2033.0234375
2019.7421875
2019.7421875
2007.046875
1994.15625
1994.15625
1981.65625
1968.375
1968.375
1954.8984375
1942.3984375
1942.3984375
1929.3125
1916.421875
1916.421875
1904.703125
1891.6171875
1891.6171875
1878.7265625
1867.0078125
1867.0078125
1854.3125
1840.8359375
1840.8359375
1828.7265625
1816.03125
1816.03125
1802.5546875
1790.8359375
1790.8359375
1778.921875
1767.0078125
1767.0078125
1755.2890625
1742.3984375
1742.3984375
1730.09375
1718.765625
1718.765625
1705.484375
1692.203125
1692.203125
1681.265625
1669.15625
1669.15625
1656.65625
1645.1328125
1645.1328125
1632.828125
1620.328125
1620.328125
1608.609375
1595.9140625
1595.9140625
1583.8046875
1571.890625
1571.890625
1558.8046875
1545.9140625
1545.9140625
1533.4140625
1520.1328125
1520.1328125
1507.2421875
1494.7421875
1494.7421875
1481.65625
1468.375
1468.375
1453.921875
1440.4453125
1440.4453125
1427.75
1414.078125
1414.078125
1400.2109375
1387.3203125
1387.3203125
1373.84375
1360.3671875
1360.3671875
1347.671875
1335.3671875
1335.3671875
1322.4765625
1309.1953125
1309.1953125
1296.6953125
1284.390625
1284.390625
1271.890625
1259.0
1259.0
1246.6953125
1235.171875
1235.171875
1223.84375
1211.9296875
1211.9296875
1199.625
1187.3203125
1187.3203125
1175.2109375
1162.7109375
1162.7109375
1150.40625
1139.078125
1139.078125
1127.75
1115.25
1115.25
1103.3359375
1091.2265625
1091.2265625
1079.8984375
1068.9609375
1068.9609375
1056.8515625
1044.15625
1044.15625
1032.6328125
1023.2578125
1023.2578125
1012.3203125
999.8203125
999.8203125
988.296875
977.359375
977.359375
964.859375
952.359375
952.359375
941.2265625
929.5078125
929.5078125
916.8125
905.2890625
905.2890625
893.5703125
881.0703125
881.0703125
869.7421875
859.1953125
859.1953125
848.2578125
837.3203125
837.3203125
826.3828125
814.859375
814.859375
803.7265625
792.7890625
792.7890625
781.4609375
769.9375
769.9375
759.390625
748.6484375
748.6484375
737.515625
726.1875
726.1875
715.25
703.921875
703.921875
692.59375
681.4609375
681.4609375
669.9375
658.0234375
658.0234375
646.890625
636.34375
636.34375
625.40625
614.6640625
614.6640625
602.9453125
589.6640625
589.6640625
577.359375
566.6171875
566.6171875
555.6796875
543.9609375
543.9609375
532.046875
520.328125
520.328125
507.828125
495.71875
495.71875
484.1953125
476.1875
476.1875
