2827.2
2827.2
2827.2
2827.2
2813.1
2806.0
2798.8
2784.6
2777.7
2770.7
2756.5
2749.2
2742.0
2726.6
2719.3
2711.9
2697.3
2690.0
2682.6
2667.4
2659.9
2652.4
2637.5
2630.2
2622.9
2607.8
2600.8
2593.8
2579.5
2572.4
2565.2
2551.2
2544.0
2536.7
2521.9
2515.2
2508.4
2493.4
2486.5
2479.7
2465.6
2458.9
2452.2
2438.9
2432.1
2425.4
2411.5
2404.8
2398.1
2384.6
2377.8
2371.1
2357.2
2350.4
2343.6
2329.7
2323.6
2317.4
2302.4
2295.9
2289.5
2277.2
2270.1
2263.1
2249.8
2243.5
2237.1
2223.8
2217.6
2211.3
2198.3
2191.9
2185.6
2173.3
2166.8
2160.4
2146.7
2140.6
2134.6
2120.5
2114.5
2108.4
2095.3
2088.6
2081.9
2070.1
2063.3
2056.5
2042.6
2036.0
2029.3
2015.8
2009.4
2002.9
1990.2
1983.9
1977.6
1963.9
1957.5
1951.2
1938.1
1931.3
1924.4
1912.5
1906.3
1900.0
1886.7
1880.4
1874.0
1861.5
1855.3
1849.0
1836.7
1830.0
1823.3
1811.3
1805.1
1798.8
1785.0
1779.6
1774.2
1762.9
1755.8
1748.6
1737.3
1731.5
1725.6
1712.1
1706.5
1700.8
1688.1
1681.9
1675.6
1664.9
1658.5
1652.2
1639.5
1634.2
1628.9
1615.8
1609.0
1602.2
1592.4
1586.1
1579.7
1565.2
1559.7
1554.1
1542.4
1534.3
1526.2
1514.3
1509.9
1505.5
1491.0
1483.9
1476.8
1462.9
1456.3
1449.6
1436.3
1429.5
1422.7
1409.2
1402.4
1395.5
1382.0
1375.4
1368.8
1354.9
1348.3
1341.6
1329.3
1323.0
1316.6
1303.1
1297.1
1291.0
1279.1
1272.4
1265.6
1252.0
1246.2
1240.4
1228.5
1222.5
1216.4
1204.3
1198.3
1192.2
1180.1
1173.7
1167.4
1154.9
1148.6
1142.2
1131.1
1125.3
1119.5
1106.9
1100.9
1094.9
1084.2
1078.3
1072.5
1060.2
1054.4
1048.6
1036.7
1030.7
1024.6
1013.9
1008.9
1003.9
992.0
985.9
979.7
967.2
961.3
955.5
943.8
937.5
931.3
919.4
913.7
908.0
895.5
889.5
883.4
872.5
866.7
861.0
849.6
844.4
839.1
828.1
822.4
816.6
805.7
800.2
794.7
782.8
777.0
771.1
760.6
755.3
750.0
738.1
732.4
726.8
716.4
711.0
705.5
693.6
688.0
682.4
671.9
666.2
660.6
647.7
641.7
635.8
626.4
621.7
617.0
604.1
596.3
588.5
583.2
577.9
571.3
475.4
