2788.1
2788.1
2788.1
2788.1
2786.9
2779.7
2772.5
2757.0
2749.5
2742.0
2727.0
2719.5
2712.1
2697.3
2689.7
2682.0
2666.6
2659.5
2652.4
2637.5
2630.3
2623.1
2608.8
2601.7
2594.5
2580.5
2573.3
2566.0
2551.6
2544.4
2537.1
2523.3
2515.9
2508.6
2494.9
2487.9
2480.9
2467.6
2460.9
2454.1
2440.6
2433.5
2426.4
2413.9
2407.0
2400.2
2387.1
2380.2
2373.3
2360.0
2353.3
2346.7
2332.8
2326.2
2319.5
2305.7
2299.1
2292.6
2278.7
2272.0
2265.2
2252.8
2246.1
2239.5
2227.0
2220.6
2214.3
2200.8
2194.8
2188.9
2175.0
2168.7
2162.3
2149.4
2143.0
2136.5
2123.8
2117.3
2110.8
2097.7
2091.0
2084.4
2070.9
2064.3
2057.6
2044.4
2037.6
2030.9
2018.8
2012.2
2005.7
1992.4
1986.0
1979.5
1965.8
1959.2
1952.6
1939.3
1932.8
1926.4
1914.5
1908.0
1901.6
1888.1
1882.2
1876.4
1863.5
1856.9
1850.4
1838.5
1832.0
1825.6
1812.9
1807.0
1801.2
1789.5
1783.2
1777.0
1764.5
1758.1
1751.8
1738.9
1732.8
1726.8
1713.9
1707.5
1701.2
1690.4
1684.2
1677.9
1664.9
1659.5
1654.1
1641.6
1634.7
1627.8
1617.8
1611.6
1605.5
1590.8
1585.8
1580.7
1568.4
1560.0
1551.6
1540.8
1536.9
1533.0
1518.8
1511.4
1504.1
1489.5
1482.6
1475.8
1462.9
1456.0
1449.0
1435.2
1428.6
1422.1
1408.8
1401.9
1394.9
1380.9
1374.2
1367.6
1355.1
1348.7
1342.4
1329.1
1322.8
1316.4
1304.1
1297.8
1291.4
1278.9
1272.3
1265.6
1252.8
1247.1
1241.4
1229.7
1223.5
1217.2
1205.1
1199.0
1193.0
1180.1
1173.8
1167.6
1155.7
1150.0
1144.4
1132.4
1126.1
1119.7
1108.0
1102.7
1097.3
1085.6
1079.5
1073.5
1061.3
1055.5
1049.6
1037.9
1032.7
1027.6
1017.2
1011.1
1004.9
992.8
986.8
980.9
968.6
962.5
956.5
944.7
938.7
932.6
920.5
914.6
908.6
896.7
890.9
885.2
874.4
868.7
862.9
851.4
846.1
840.8
830.3
824.4
818.6
806.9
801.7
796.5
785.6
779.5
773.5
761.7
756.9
752.0
741.8
735.2
728.5
716.2
711.5
706.9
697.3
690.8
684.4
670.7
665.2
659.6
651.0
645.8
640.6
626.6
620.1
613.7
609.0
604.3
599.0
593.8
586.8
579.9
573.4
566.8
557.0
451.6
