2787.5
2673.5
2662.3
2646.7
2639.7
2632.6
2625.8
2619.0
2604.5
2597.5
2590.4
2576.2
2569.1
2561.9
2547.5
2540.3
2533.2
2519.4
2512.1
2504.9
2491.6
2484.5
2477.4
2464.7
2457.7
2450.8
2437.7
2430.7
2423.6
2411.0
2404.5
2398.1
2384.4
2377.8
2371.1
2358.0
2351.2
2344.4
2331.1
2324.2
2317.4
2304.1
2297.4
2290.6
2277.2
2270.4
2263.7
2251.4
2244.8
2238.3
2226.2
2220.8
2215.4
2199.6
2194.4
2189.1
2175.4
2168.1
2160.8
2150.0
2143.2
2136.3
2123.6
2117.4
2111.1
2098.1
2091.2
2084.4
2071.3
2064.8
2058.2
2044.2
2037.9
2031.7
2018.8
2012.2
2005.7
1993.4
1986.7
1980.1
1966.4
1959.8
1953.1
1940.1
1933.6
1927.2
1915.4
1908.9
1902.4
1889.1
1883.2
1877.4
1865.2
1858.3
1851.4
1838.7
1832.8
1827.0
1813.1
1807.0
1801.0
1789.7
1783.5
1777.4
1765.4
1759.4
1753.3
1740.4
1734.2
1727.9
1715.6
1709.2
1702.8
1690.6
1684.9
1679.1
1666.6
1660.6
1654.5
1642.6
1636.5
1630.5
1618.2
1611.9
1605.7
1594.0
1587.7
1581.5
1568.2
1561.9
1555.7
1542.4
1536.1
1529.9
1517.6
1511.1
1504.5
1491.6
1485.1
1478.5
1464.1
1457.2
1450.4
1437.5
1430.4
1423.3
1409.8
1403.5
1397.3
1382.8
1376.0
1369.2
1357.2
1350.8
1344.4
1330.9
1319.0
1312.8
1306.7
1300.0
1293.4
1280.7
1274.7
1268.8
1255.9
1249.6
1243.4
1232.4
1226.6
1220.7
1208.0
1202.0
1195.9
1184.0
1177.7
1171.3
1158.8
1153.2
1147.7
1136.0
1129.8
1123.6
1111.9
1105.9
1099.8
1088.1
1082.5
1077.0
1065.4
1059.3
1053.1
1041.4
1036.2
1031.1
1020.7
1014.9
1009.0
997.1
991.3
985.6
973.5
967.4
961.3
949.6
943.9
938.1
926.0
919.9
913.9
902.4
896.3
890.2
878.7
873.4
868.0
857.0
851.5
845.9
835.2
829.7
824.2
812.5
806.9
801.4
790.6
785.0
779.3
768.2
762.8
757.4
746.5
740.9
735.4
724.0
718.4
712.7
701.8
696.1
690.4
678.9
672.9
666.8
655.3
650.0
644.7
633.8
628.2
622.7
611.1
604.9
598.6
586.0
580.2
574.4
563.3
557.6
552.0
540.2
534.3
528.3
516.2
503.9
498.0
492.0
486.2
480.5
474.0
474.0
474.0
474.0
474.0
474.0