2834.2
2834.2
2834.2
2820.5
2813.4
2806.3
2792.2
2785.3
2778.3
2765.8
2758.0
2750.2
2734.6
2727.3
2719.9
2705.5
2698.2
2690.8
2675.8
2668.1
2660.4
2645.7
2638.3
2630.9
2615.8
2608.9
2602.0
2587.7
2580.6
2573.5
2559.6
2552.4
2545.1
2530.3
2523.5
2516.6
2501.6
2494.7
2487.9
2473.8
2467.1
2460.4
2446.9
2440.3
2433.8
2419.9
2413.1
2406.3
2393.0
2386.1
2379.3
2365.8
2359.1
2352.4
2339.1
2332.2
2325.4
2311.7
2304.9
2298.1
2284.8
2278.0
2271.3
2257.2
2251.1
2244.9
2231.5
2225.2
2219.0
2206.3
2199.7
2193.2
2180.9
2174.4
2168.0
2154.9
2148.5
2142.0
2128.7
2122.4
2116.0
2103.3
2096.8
2090.2
2076.6
2069.7
2062.9
2049.0
2042.5
2036.0
2022.5
2016.0
2009.6
1996.9
1990.3
1983.8
1970.7
1964.2
1957.6
1944.9
1938.2
1931.5
1918.6
1912.5
1906.5
1894.0
1887.1
1880.3
1868.4
1862.0
1855.7
1842.6
1836.2
1829.9
1817.6
1811.1
1804.7
1791.8
1786.1
1780.5
1768.4
1761.7
1755.1
1743.2
1737.1
1731.1
1718.4
1712.4
1706.5
1693.6
1687.4
1681.3
1670.5
1664.1
1657.6
1644.9
1639.8
1634.6
1621.5
1614.7
1607.8
1597.9
1591.6
1585.4
1571.3
1565.3
1559.4
1547.9
1540.2
1532.6
1519.2
1514.7
1510.2
1496.7
1489.4
1482.0
1468.0
1461.4
1454.9
1441.4
1434.6
1427.8
1414.3
1407.5
1400.8
1387.1
1380.4
1373.6
1359.8
1353.4
1347.1
1334.6
1328.0
1321.5
1308.4
1302.3
1296.1
1283.8
1277.4
1270.9
1257.4
1251.2
1244.9
1233.2
1227.3
1221.3
1208.8
1202.9
1197.1
1185.2
1178.7
1172.3
1160.0
1153.7
1147.5
1135.6
1130.0
1124.4
1112.1
1105.9
1099.6
1088.7
1083.2
1077.8
1065.2
1059.3
1053.3
1041.8
1035.7
1029.5
1018.2
1013.4
1008.6
997.1
990.8
984.6
972.5
966.6
960.8
948.3
942.2
936.1
924.6
918.7
912.7
899.8
894.1
888.3
877.2
871.2
865.2
853.7
848.4
843.0
832.4
826.9
821.3
810.0
804.3
798.6
787.1
781.6
776.0
764.5
759.1
753.7
742.8
737.0
731.3
719.5
714.2
708.8
697.9
692.0
686.1
674.8
669.4
663.9
651.6
645.5
639.5
629.3
624.4
619.5
608.0
601.1
594.2
580.5
576.0
571.5
562.9
473.1
