2832.4
2832.4
2832.4
2820.9
2814.0
2807.0
2792.6
2785.7
2778.7
2764.3
2757.5
2750.8
2735.2
2727.7
2720.1
2705.5
2698.2
2690.8
2676.0
2668.4
2660.8
2645.5
2638.3
2631.1
2616.0
2608.8
2601.6
2587.5
2580.3
2573.1
2559.0
2552.0
2544.9
2530.3
2523.3
2516.2
2501.8
2494.5
2487.3
2473.6
2466.7
2459.8
2446.3
2439.8
2433.2
2419.4
2412.4
2405.5
2392.2
2385.4
2378.5
2365.1
2358.4
2351.8
2337.9
2331.2
2324.4
2310.8
2303.9
2297.1
2283.8
2277.2
2270.5
2256.5
2250.3
2244.2
2230.3
2224.3
2218.4
2205.3
2198.8
2192.4
2179.7
2173.6
2167.4
2153.7
2147.3
2140.8
2128.1
2121.4
2114.7
2102.4
2095.9
2089.5
2075.2
2069.5
2063.9
2049.6
2043.1
2036.5
2024.0
2017.5
2011.0
1998.5
1991.9
1985.4
1972.5
1965.9
1959.4
1945.9
1939.1
1932.2
1919.7
1913.4
1907.0
1894.5
1888.1
1881.7
1868.8
1862.7
1856.7
1844.2
1837.6
1831.1
1818.4
1812.2
1806.1
1793.0
1786.9
1780.9
1770.1
1763.5
1756.9
1744.2
1738.6
1733.0
1719.9
1714.0
1708.0
1696.1
1689.5
1682.8
1672.1
1666.0
1660.0
1646.7
1641.4
1636.1
1624.2
1616.9
1609.6
1599.0
1593.7
1588.3
1573.1
1567.1
1561.1
1550.8
1543.0
1535.2
1520.9
1517.0
1513.1
1500.2
1493.0
1485.8
1471.7
1465.0
1458.2
1445.1
1438.2
1431.3
1417.8
1411.2
1404.7
1390.8
1384.1
1377.4
1363.9
1357.1
1350.4
1337.9
1331.7
1325.4
1312.1
1305.7
1299.2
1287.3
1281.1
1274.8
1261.1
1254.7
1248.3
1236.5
1230.7
1224.8
1212.7
1206.6
1200.4
1188.5
1182.2
1176.0
1163.3
1157.0
1150.8
1138.5
1132.8
1127.2
1115.4
1109.2
1102.9
1091.0
1085.7
1080.3
1068.6
1062.5
1056.5
1044.5
1038.5
1032.4
1020.9
1015.8
1010.8
1000.0
994.0
987.9
975.4
969.4
963.3
951.8
945.5
939.3
927.0
921.4
915.8
903.5
897.2
890.8
879.7
874.0
868.4
856.7
851.2
845.7
835.2
829.6
824.0
812.9
807.2
801.6
789.9
784.2
778.5
767.6
761.9
756.3
745.1
739.6
734.0
722.5
717.0
711.5
700.6
694.7
688.9
677.4
672.1
666.8
655.5
648.6
641.8
630.9
626.8
622.7
611.7
604.2
596.7
590.0
583.2
575.0
566.2
475.8
