2834.4
2834.4
2824.0
2817.1
2810.2
2795.7
2788.8
2781.9
2767.8
2760.9
2753.9
2738.5
2731.1
2723.6
2709.0
2701.7
2694.4
2679.1
2671.6
2664.1
2648.8
2641.7
2634.6
2619.4
2612.4
2605.5
2591.0
2583.9
2576.8
2562.7
2555.5
2548.3
2533.4
2526.6
2519.7
2504.9
2498.1
2491.2
2477.0
2470.2
2463.5
2450.2
2443.6
2436.9
2423.1
2416.3
2409.6
2396.1
2389.3
2382.4
2369.0
2362.3
2355.7
2342.4
2335.6
2328.7
2315.2
2308.5
2301.8
2288.7
2281.9
2275.2
2261.1
2255.0
2248.8
2235.6
2229.0
2222.5
2210.8
2203.6
2196.5
2185.0
2178.7
2172.5
2159.0
2152.8
2146.7
2133.2
2126.9
2120.5
2108.2
2101.4
2094.5
2081.5
2075.3
2069.2
2055.3
2048.8
2042.4
2028.9
2022.5
2016.0
2003.5
1997.0
1990.4
1977.4
1970.8
1964.3
1951.2
1944.4
1937.7
1925.0
1918.8
1912.5
1900.2
1893.7
1887.1
1874.2
1868.3
1862.3
1849.4
1842.9
1836.3
1824.0
1817.9
1811.7
1798.3
1792.5
1786.7
1775.6
1769.0
1762.3
1749.4
1743.7
1737.9
1725.0
1719.1
1713.1
1700.8
1694.4
1688.1
1677.6
1671.4
1665.2
1652.0
1646.8
1641.6
1629.5
1622.4
1615.2
1604.7
1599.0
1593.4
1578.7
1572.7
1566.6
1555.9
1548.5
1541.0
1526.6
1522.1
1517.6
1505.5
1498.2
1490.8
1476.6
1469.8
1463.1
1450.0
1443.2
1436.3
1422.9
1416.3
1409.8
1395.9
1389.1
1382.2
1368.8
1362.2
1355.7
1342.8
1336.4
1330.1
1317.2
1310.9
1304.5
1292.4
1286.1
1279.9
1266.6
1259.9
1253.1
1241.4
1235.7
1229.9
1217.6
1211.4
1205.3
1193.4
1187.2
1181.1
1168.2
1161.9
1155.7
1143.8
1138.2
1132.6
1120.5
1114.3
1108.0
1096.7
1091.2
1085.8
1073.5
1067.6
1061.7
1050.2
1044.2
1038.1
1026.0
1020.9
1015.8
1005.9
999.7
993.6
980.9
974.8
968.8
957.4
951.2
944.9
932.6
927.1
921.5
909.2
902.8
896.5
885.4
879.9
874.4
862.5
856.7
850.8
840.4
835.2
829.9
819.0
813.1
807.2
795.5
790.0
784.4
773.6
767.8
761.9
750.4
745.2
740.1
729.1
723.0
716.8
705.7
700.6
695.5
684.4
678.3
672.3
660.6
654.6
648.6
638.1
633.1
628.1
616.8
610.2
603.5
597.1
590.6
580.7
575.9
571.1
474.2
