2832.6
2832.4
2764.1
2695.7
2688.2
2680.7
2665.2
2657.7
2650.2
2635.8
2628.1
2620.5
2606.5
2599.4
2592.4
2578.1
2571.0
2563.9
2549.6
2542.3
2535.0
2520.9
2513.7
2506.5
2492.4
2485.6
2478.7
2464.5
2458.0
2451.6
2438.3
2431.5
2424.6
2411.0
2404.3
2397.7
2384.4
2377.5
2370.5
2357.6
2350.7
2343.8
2330.7
2323.8
2317.0
2303.5
2297.1
2290.6
2276.8
2270.1
2263.5
2250.2
2244.0
2237.7
2225.0
2219.3
2213.5
2199.6
2194.0
2188.3
2174.4
2167.9
2161.3
2148.6
2142.1
2135.6
2123.1
2116.5
2110.0
2097.7
2090.8
2084.0
2070.5
2064.4
2058.2
2044.5
2037.7
2030.9
2018.6
2012.0
2005.5
1993.0
1986.4
1979.9
1966.8
1960.2
1953.5
1940.2
1933.8
1927.4
1915.4
1909.2
1902.9
1890.1
1883.9
1877.8
1865.4
1859.1
1852.8
1839.5
1833.4
1827.4
1814.7
1808.2
1801.8
1790.1
1784.3
1778.5
1766.4
1760.4
1754.3
1741.8
1735.9
1729.9
1717.8
1711.2
1704.7
1692.6
1686.7
1680.9
1668.6
1662.5
1656.5
1644.5
1638.5
1632.4
1620.3
1614.2
1608.0
1595.5
1589.7
1583.8
1570.9
1564.4
1557.8
1545.5
1539.1
1532.6
1519.5
1513.4
1507.2
1494.0
1487.5
1481.1
1467.6
1460.3
1452.9
1440.1
1433.7
1427.4
1412.7
1406.2
1399.6
1386.9
1379.9
1372.9
1359.8
1353.6
1347.5
1335.0
1328.2
1321.5
1308.8
1302.6
1296.3
1283.8
1277.5
1271.1
1258.2
1252.1
1245.9
1234.6
1228.6
1222.7
1210.0
1204.2
1198.5
1186.1
1179.8
1173.5
1161.0
1155.2
1149.4
1137.5
1131.7
1125.8
1114.3
1108.2
1102.2
1089.9
1084.5
1079.1
1068.0
1061.4
1054.9
1042.2
1037.3
1032.4
1022.5
1016.5
1010.6
998.5
993.1
987.7
976.0
969.6
963.3
951.4
946.1
940.8
929.3
922.9
916.4
904.3
898.6
893.0
881.3
875.5
869.7
858.6
853.3
848.1
837.5
831.8
826.0
814.5
809.0
803.5
792.8
787.0
781.3
769.9
764.6
759.2
748.5
742.9
737.3
726.0
720.3
714.7
703.5
698.0
692.4
681.1
675.2
669.4
657.8
652.2
646.5
635.8
630.4
625.0
614.1
607.7
601.4
588.5
582.6
576.8
565.8
560.2
554.5
542.8
536.8
530.9
518.8
512.7
506.7
494.7
488.7
482.6
473.5
473.5